*~   0;38;2;123;132;150
bd   1;38;2;255;189;94;48;2;22;24;26
ca   0
cd   1;38;2;255;189;94;48;2;22;24;26
di   0;38;2;94;161;255
do   1;38;2;255;94;160;48;2;22;24;26
ex   0;38;2;94;255;108
fi   0;38;2;255;255;255
ln   0;38;2;94;241;255
mh   0
mi   0;38;2;255;110;94;48;2;22;24;26
no   0;38;2;255;255;255
or   1;38;2;123;132;150;48;2;255;110;94
ow   0;38;2;189;94;255;48;2;94;255;108
pi   0;38;2;255;189;94;48;2;22;24;26
rs   0;38;2;241;255;94
sg   0;38;2;22;24;26;48;2;255;189;94
so   1;38;2;255;94;160;48;2;22;24;26
st   0;38;2;255;255;255;48;2;189;94;255
su   0;38;2;255;255;255;48;2;255;110;94
tw   0;38;2;22;24;26;48;2;94;255;108
*.1   0;38;2;241;255;94
*.a   0;38;2;94;255;108
*.c   0;38;2;189;94;255
*.d   0;38;2;189;94;255
*.h   0;38;2;189;94;255
*.m   0;38;2;189;94;255
*.o   0;38;2;123;132;150
*.p   0;38;2;189;94;255
*.r   0;38;2;189;94;255
*.t   0;38;2;189;94;255
*.v   0;38;2;189;94;255
*.z   1;38;2;255;110;94
*.7z   1;38;2;255;110;94
*.ai   0;38;2;255;94;160
*.as   0;38;2;189;94;255
*.bc   0;38;2;123;132;150
*.bz   1;38;2;255;110;94
*.cc   0;38;2;189;94;255
*.cp   0;38;2;189;94;255
*.cr   0;38;2;189;94;255
*.cs   0;38;2;189;94;255
*.db   1;38;2;255;110;94
*.di   0;38;2;189;94;255
*.el   0;38;2;189;94;255
*.ex   0;38;2;189;94;255
*.fs   0;38;2;189;94;255
*.go   0;38;2;189;94;255
*.gv   0;38;2;189;94;255
*.gz   1;38;2;255;110;94
*.ha   0;38;2;189;94;255
*.hh   0;38;2;189;94;255
*.hi   0;38;2;123;132;150
*.hs   0;38;2;189;94;255
*.jl   0;38;2;189;94;255
*.js   0;38;2;189;94;255
*.ko   0;38;2;94;255;108
*.kt   0;38;2;189;94;255
*.la   0;38;2;123;132;150
*.ll   0;38;2;189;94;255
*.lo   0;38;2;123;132;150
*.ma   0;38;2;255;94;160
*.mb   0;38;2;255;94;160
*.md   0;38;2;241;255;94
*.mk   0;38;2;189;94;255
*.ml   0;38;2;189;94;255
*.mn   0;38;2;189;94;255
*.nb   0;38;2;189;94;255
*.nu   0;38;2;189;94;255
*.pl   0;38;2;189;94;255
*.pm   0;38;2;189;94;255
*.pp   0;38;2;189;94;255
*.ps   0;38;2;255;94;241
*.py   0;38;2;189;94;255
*.rb   0;38;2;189;94;255
*.rm   1;38;2;255;94;241
*.rs   0;38;2;189;94;255
*.sh   0;38;2;189;94;255
*.so   0;38;2;94;255;108
*.td   0;38;2;189;94;255
*.ts   0;38;2;189;94;255
*.ui   0;38;2;241;255;94
*.vb   0;38;2;189;94;255
*.wv   0;38;2;94;241;255
*.xz   1;38;2;255;110;94
*FAQ   0;38;2;241;255;94
*.3ds   0;38;2;255;94;160
*.3fr   0;38;2;255;94;160
*.3mf   0;38;2;255;94;160
*.adb   0;38;2;189;94;255
*.ads   0;38;2;189;94;255
*.aif   0;38;2;94;241;255
*.amf   0;38;2;255;94;160
*.ape   0;38;2;94;241;255
*.apk   1;38;2;255;110;94
*.ari   0;38;2;255;94;160
*.arj   1;38;2;255;110;94
*.arw   0;38;2;255;94;160
*.asa   0;38;2;189;94;255
*.asm   0;38;2;189;94;255
*.aux   0;38;2;123;132;150
*.avi   1;38;2;255;94;241
*.awk   0;38;2;189;94;255
*.bag   1;38;2;255;110;94
*.bak   0;38;2;123;132;150
*.bat   0;38;2;94;255;108
*.bay   0;38;2;255;94;160
*.bbl   0;38;2;123;132;150
*.bcf   0;38;2;123;132;150
*.bib   0;38;2;241;255;94
*.bin   1;38;2;255;110;94
*.blg   0;38;2;123;132;150
*.bmp   0;38;2;255;94;160
*.bsh   0;38;2;189;94;255
*.bst   0;38;2;241;255;94
*.bz2   1;38;2;255;110;94
*.c++   0;38;2;189;94;255
*.cap   0;38;2;255;94;160
*.cfg   0;38;2;241;255;94
*.cgi   0;38;2;189;94;255
*.clj   0;38;2;189;94;255
*.com   0;38;2;94;255;108
*.cpp   0;38;2;189;94;255
*.cr2   0;38;2;255;94;160
*.cr3   0;38;2;255;94;160
*.crw   0;38;2;255;94;160
*.css   0;38;2;189;94;255
*.csv   0;38;2;241;255;94
*.csx   0;38;2;189;94;255
*.cxx   0;38;2;189;94;255
*.dae   0;38;2;255;94;160
*.dcr   0;38;2;255;94;160
*.dcs   0;38;2;255;94;160
*.deb   1;38;2;255;110;94
*.def   0;38;2;189;94;255
*.dll   0;38;2;94;255;108
*.dmg   1;38;2;255;110;94
*.dng   0;38;2;255;94;160
*.doc   0;38;2;255;94;241
*.dot   0;38;2;189;94;255
*.dox   0;38;2;189;94;255
*.dpr   0;38;2;189;94;255
*.drf   0;38;2;255;94;160
*.dxf   0;38;2;255;94;160
*.eip   0;38;2;255;94;160
*.elc   0;38;2;189;94;255
*.elm   0;38;2;189;94;255
*.epp   0;38;2;189;94;255
*.eps   0;38;2;255;94;160
*.erf   0;38;2;255;94;160
*.erl   0;38;2;189;94;255
*.exe   0;38;2;94;255;108
*.exr   0;38;2;255;94;160
*.exs   0;38;2;189;94;255
*.fbx   0;38;2;255;94;160
*.fff   0;38;2;255;94;160
*.fls   0;38;2;123;132;150
*.flv   1;38;2;255;94;241
*.fnt   0;38;2;241;255;94
*.fon   0;38;2;241;255;94
*.fsi   0;38;2;189;94;255
*.fsx   0;38;2;189;94;255
*.gif   0;38;2;255;94;160
*.git   0;38;2;123;132;150
*.gpr   0;38;2;255;94;160
*.gvy   0;38;2;189;94;255
*.h++   0;38;2;189;94;255
*.hda   0;38;2;255;94;160
*.hip   0;38;2;255;94;160
*.hpp   0;38;2;189;94;255
*.htc   0;38;2;189;94;255
*.htm   0;38;2;241;255;94
*.hxx   0;38;2;189;94;255
*.ico   0;38;2;255;94;160
*.ics   0;38;2;255;94;241
*.idx   0;38;2;123;132;150
*.igs   0;38;2;255;94;160
*.iiq   0;38;2;255;94;160
*.ilg   0;38;2;123;132;150
*.img   1;38;2;255;110;94
*.inc   0;38;2;189;94;255
*.ind   0;38;2;123;132;150
*.ini   0;38;2;241;255;94
*.inl   0;38;2;189;94;255
*.ino   0;38;2;189;94;255
*.ipp   0;38;2;189;94;255
*.iso   1;38;2;255;110;94
*.jar   1;38;2;255;110;94
*.jpg   0;38;2;255;94;160
*.jsx   0;38;2;189;94;255
*.jxl   0;38;2;255;94;160
*.k25   0;38;2;255;94;160
*.kdc   0;38;2;255;94;160
*.kex   0;38;2;255;94;241
*.kra   0;38;2;255;94;160
*.kts   0;38;2;189;94;255
*.log   0;38;2;123;132;150
*.ltx   0;38;2;189;94;255
*.lua   0;38;2;189;94;255
*.m3u   0;38;2;94;241;255
*.m4a   0;38;2;94;241;255
*.m4v   1;38;2;255;94;241
*.mdc   0;38;2;255;94;160
*.mef   0;38;2;255;94;160
*.mid   0;38;2;94;241;255
*.mir   0;38;2;189;94;255
*.mkv   1;38;2;255;94;241
*.mli   0;38;2;189;94;255
*.mos   0;38;2;255;94;160
*.mov   1;38;2;255;94;241
*.mp3   0;38;2;94;241;255
*.mp4   1;38;2;255;94;241
*.mpg   1;38;2;255;94;241
*.mrw   0;38;2;255;94;160
*.msi   1;38;2;255;110;94
*.mtl   0;38;2;255;94;160
*.nef   0;38;2;255;94;160
*.nim   0;38;2;189;94;255
*.nix   0;38;2;241;255;94
*.nrw   0;38;2;255;94;160
*.obj   0;38;2;255;94;160
*.obm   0;38;2;255;94;160
*.odp   0;38;2;255;94;241
*.ods   0;38;2;255;94;241
*.odt   0;38;2;255;94;241
*.ogg   0;38;2;94;241;255
*.ogv   1;38;2;255;94;241
*.orf   0;38;2;255;94;160
*.org   0;38;2;241;255;94
*.otf   0;38;2;241;255;94
*.otl   0;38;2;255;94;160
*.out   0;38;2;123;132;150
*.pas   0;38;2;189;94;255
*.pbm   0;38;2;255;94;160
*.pcx   0;38;2;255;94;160
*.pdf   0;38;2;255;94;241
*.pef   0;38;2;255;94;160
*.pgm   0;38;2;255;94;160
*.php   0;38;2;189;94;255
*.pid   0;38;2;123;132;150
*.pkg   1;38;2;255;110;94
*.png   0;38;2;255;94;160
*.pod   0;38;2;189;94;255
*.ppm   0;38;2;255;94;160
*.pps   0;38;2;255;94;241
*.ppt   0;38;2;255;94;241
*.pro   0;38;2;189;94;255
*.ps1   0;38;2;189;94;255
*.psd   0;38;2;255;94;160
*.ptx   0;38;2;255;94;160
*.pxn   0;38;2;255;94;160
*.pyc   0;38;2;123;132;150
*.pyd   0;38;2;123;132;150
*.pyo   0;38;2;123;132;150
*.qoi   0;38;2;255;94;160
*.r3d   0;38;2;255;94;160
*.raf   0;38;2;255;94;160
*.rar   1;38;2;255;110;94
*.raw   0;38;2;255;94;160
*.rpm   1;38;2;255;110;94
*.rst   0;38;2;241;255;94
*.rtf   0;38;2;255;94;241
*.rw2   0;38;2;255;94;160
*.rwl   0;38;2;255;94;160
*.rwz   0;38;2;255;94;160
*.sbt   0;38;2;189;94;255
*.sql   0;38;2;189;94;255
*.sr2   0;38;2;255;94;160
*.srf   0;38;2;255;94;160
*.srw   0;38;2;255;94;160
*.stl   0;38;2;255;94;160
*.stp   0;38;2;255;94;160
*.sty   0;38;2;123;132;150
*.svg   0;38;2;255;94;160
*.swf   1;38;2;255;94;241
*.swp   0;38;2;123;132;150
*.sxi   0;38;2;255;94;241
*.sxw   0;38;2;255;94;241
*.tar   1;38;2;255;110;94
*.tbz   1;38;2;255;110;94
*.tcl   0;38;2;189;94;255
*.tex   0;38;2;189;94;255
*.tga   0;38;2;255;94;160
*.tgz   1;38;2;255;110;94
*.tif   0;38;2;255;94;160
*.tml   0;38;2;241;255;94
*.tmp   0;38;2;123;132;150
*.toc   0;38;2;123;132;150
*.tsx   0;38;2;189;94;255
*.ttf   0;38;2;241;255;94
*.txt   0;38;2;241;255;94
*.typ   0;38;2;241;255;94
*.usd   0;38;2;255;94;160
*.vcd   1;38;2;255;110;94
*.vim   0;38;2;189;94;255
*.vob   1;38;2;255;94;241
*.vsh   0;38;2;189;94;255
*.wav   0;38;2;94;241;255
*.wma   0;38;2;94;241;255
*.wmv   1;38;2;255;94;241
*.wrl   0;38;2;255;94;160
*.x3d   0;38;2;255;94;160
*.x3f   0;38;2;255;94;160
*.xlr   0;38;2;255;94;241
*.xls   0;38;2;255;94;241
*.xml   0;38;2;241;255;94
*.xmp   0;38;2;241;255;94
*.xpm   0;38;2;255;94;160
*.xvf   0;38;2;255;94;160
*.yml   0;38;2;241;255;94
*.zig   0;38;2;189;94;255
*.zip   1;38;2;255;110;94
*.zsh   0;38;2;189;94;255
*.zst   1;38;2;255;110;94
*TODO   1;38;2;241;255;94
*hgrc   0;38;2;189;94;255
*.avif   0;38;2;255;94;160
*.bash   0;38;2;189;94;255
*.braw   0;38;2;255;94;160
*.conf   0;38;2;241;255;94
*.dart   0;38;2;189;94;255
*.data   0;38;2;255;94;160
*.diff   0;38;2;189;94;255
*.docx   0;38;2;255;94;241
*.epub   0;38;2;255;94;241
*.fish   0;38;2;189;94;255
*.flac   0;38;2;94;241;255
*.h264   1;38;2;255;94;241
*.hack   0;38;2;189;94;255
*.heif   0;38;2;255;94;160
*.hgrc   0;38;2;189;94;255
*.html   0;38;2;241;255;94
*.iges   0;38;2;255;94;160
*.info   0;38;2;241;255;94
*.java   0;38;2;189;94;255
*.jpeg   0;38;2;255;94;160
*.json   0;38;2;241;255;94
*.less   0;38;2;189;94;255
*.lisp   0;38;2;189;94;255
*.lock   0;38;2;123;132;150
*.make   0;38;2;189;94;255
*.mojo   0;38;2;189;94;255
*.mpeg   1;38;2;255;94;241
*.nims   0;38;2;189;94;255
*.opus   0;38;2;94;241;255
*.orig   0;38;2;123;132;150
*.pptx   0;38;2;255;94;241
*.prql   0;38;2;189;94;255
*.psd1   0;38;2;189;94;255
*.psm1   0;38;2;189;94;255
*.purs   0;38;2;189;94;255
*.raku   0;38;2;189;94;255
*.rlib   0;38;2;123;132;150
*.sass   0;38;2;189;94;255
*.scad   0;38;2;189;94;255
*.scss   0;38;2;189;94;255
*.step   0;38;2;255;94;160
*.tbz2   1;38;2;255;110;94
*.tiff   0;38;2;255;94;160
*.toml   0;38;2;241;255;94
*.usda   0;38;2;255;94;160
*.usdc   0;38;2;255;94;160
*.usdz   0;38;2;255;94;160
*.webm   1;38;2;255;94;241
*.webp   0;38;2;255;94;160
*.woff   0;38;2;241;255;94
*.xbps   1;38;2;255;110;94
*.xlsx   0;38;2;255;94;241
*.yaml   0;38;2;241;255;94
*stdin   0;38;2;123;132;150
*v.mod   0;38;2;189;94;255
*.blend   0;38;2;255;94;160
*.cabal   0;38;2;189;94;255
*.cache   0;38;2;123;132;150
*.class   0;38;2;123;132;150
*.cmake   0;38;2;189;94;255
*.ctags   0;38;2;123;132;150
*.dylib   0;38;2;94;255;108
*.dyn_o   0;38;2;123;132;150
*.gcode   0;38;2;189;94;255
*.ipynb   0;38;2;189;94;255
*.mdown   0;38;2;241;255;94
*.patch   0;38;2;189;94;255
*.rmeta   0;38;2;123;132;150
*.scala   0;38;2;189;94;255
*.shtml   0;38;2;241;255;94
*.swift   0;38;2;189;94;255
*.toast   1;38;2;255;110;94
*.woff2   0;38;2;241;255;94
*.xhtml   0;38;2;241;255;94
*Icon\r   0;38;2;123;132;150
*LEGACY   0;38;2;241;255;94
*NOTICE   0;38;2;241;255;94
*README   0;38;2;241;255;94
*go.mod   0;38;2;189;94;255
*go.sum   0;38;2;123;132;150
*passwd   0;38;2;241;255;94
*shadow   0;38;2;241;255;94
*stderr   0;38;2;123;132;150
*stdout   0;38;2;123;132;150
*.bashrc   0;38;2;189;94;255
*.config   0;38;2;241;255;94
*.dyn_hi   0;38;2;123;132;150
*.flake8   0;38;2;189;94;255
*.gradle   0;38;2;189;94;255
*.groovy   0;38;2;189;94;255
*.ignore   0;38;2;189;94;255
*.matlab   0;38;2;189;94;255
*.nimble   0;38;2;189;94;255
*COPYING   0;38;2;241;255;94
*INSTALL   0;38;2;241;255;94
*LICENCE   0;38;2;241;255;94
*LICENSE   0;38;2;241;255;94
*TODO.md   1;38;2;241;255;94
*VERSION   0;38;2;241;255;94
*.alembic   0;38;2;255;94;160
*.desktop   0;38;2;241;255;94
*.gemspec   0;38;2;189;94;255
*.mailmap   0;38;2;189;94;255
*Doxyfile   0;38;2;189;94;255
*Makefile   0;38;2;189;94;255
*TODO.txt   1;38;2;241;255;94
*setup.py   0;38;2;189;94;255
*.DS_Store   0;38;2;123;132;150
*.cmake.in   0;38;2;189;94;255
*.fdignore   0;38;2;189;94;255
*.kdevelop   0;38;2;189;94;255
*.markdown   0;38;2;241;255;94
*.rgignore   0;38;2;189;94;255
*.tfignore   0;38;2;189;94;255
*CHANGELOG   0;38;2;241;255;94
*COPYRIGHT   0;38;2;241;255;94
*README.md   0;38;2;241;255;94
*bun.lockb   0;38;2;123;132;150
*configure   0;38;2;189;94;255
*.gitconfig   0;38;2;189;94;255
*.gitignore   0;38;2;189;94;255
*.localized   0;38;2;123;132;150
*.scons_opt   0;38;2;123;132;150
*.timestamp   0;38;2;123;132;150
*CODEOWNERS   0;38;2;189;94;255
*Dockerfile   0;38;2;241;255;94
*INSTALL.md   0;38;2;241;255;94
*README.txt   0;38;2;241;255;94
*SConscript   0;38;2;189;94;255
*SConstruct   0;38;2;189;94;255
*.cirrus.yml   0;38;2;189;94;255
*.gitmodules   0;38;2;189;94;255
*.synctex.gz   0;38;2;123;132;150
*.travis.yml   0;38;2;189;94;255
*INSTALL.txt   0;38;2;241;255;94
*LICENSE-MIT   0;38;2;241;255;94
*MANIFEST.in   0;38;2;189;94;255
*Makefile.am   0;38;2;189;94;255
*Makefile.in   0;38;2;123;132;150
*.applescript   0;38;2;189;94;255
*.fdb_latexmk   0;38;2;123;132;150
*.webmanifest   0;38;2;241;255;94
*CHANGELOG.md   0;38;2;241;255;94
*CONTRIBUTING   0;38;2;241;255;94
*CONTRIBUTORS   0;38;2;241;255;94
*appveyor.yml   0;38;2;189;94;255
*configure.ac   0;38;2;189;94;255
*.bash_profile   0;38;2;189;94;255
*.clang-format   0;38;2;189;94;255
*.editorconfig   0;38;2;189;94;255
*CHANGELOG.txt   0;38;2;241;255;94
*.gitattributes   0;38;2;189;94;255
*.gitlab-ci.yml   0;38;2;189;94;255
*CMakeCache.txt   0;38;2;123;132;150
*CMakeLists.txt   0;38;2;189;94;255
*LICENSE-APACHE   0;38;2;241;255;94
*pyproject.toml   0;38;2;189;94;255
*CODE_OF_CONDUCT   0;38;2;241;255;94
*CONTRIBUTING.md   0;38;2;241;255;94
*CONTRIBUTORS.md   0;38;2;241;255;94
*.sconsign.dblite   0;38;2;123;132;150
*CONTRIBUTING.txt   0;38;2;241;255;94
*CONTRIBUTORS.txt   0;38;2;241;255;94
*requirements.txt   0;38;2;189;94;255
*package-lock.json   0;38;2;123;132;150
*CODE_OF_CONDUCT.md   0;38;2;241;255;94
*.CFUserTextEncoding   0;38;2;123;132;150
*CODE_OF_CONDUCT.txt   0;38;2;241;255;94
*azure-pipelines.yml   0;38;2;189;94;255
